1 0.0489965 1 0.43110885576923075 0.9964865865384614 0.5132445961538461 0.9428906947115384 0.271169875 0.8317288437499999 0 0.9485579399038462 0 1 0.0489965 1
1 0 0.9461489375000001 0.26918565625 0.830736326923077 0.2672014375 0.830736326923077 0.26833614663461536 0.8287512932692308 0.10350336778846153 0.7602676538461538 0 0.7909479014423078 0 0.9461489375000001
1 0.514926 0.9415064663461539 0.5159135336538462 0.9454582235576924 0.5169010697115385 0.94249440625 0.6956448125 0.8160381322115384 0.47147448076923076 0.7439185408653847 0.2700174447115385 0.8298692884615384 0.514926 0.9415064663461539
1 0.10543150961538461 0.7576349302884615 0.2697257956730769 0.8316950408653846 0.47034639182692306 0.7450447115384615 0.3067406658653846 0.6939432355769231 0.10543150961538461 0.7576349302884615
1 0.47054785576923075 0.7435635096153846 0.6103087620192308 0.6865372235576923 0.4518851177884615 0.6450635625000001 0.30678682692307696 0.6939432355769231 0.47054785576923075 0.7435635096153846
1 0.6090402620192308 0.6857966225961539 0.7080504927884615 0.6421011586538461 0.5599910120192308 0.6117365120192308 0.4519075913461539 0.646544764423077 0.6090402620192308 0.6857966225961539
1 0.3064554326923077 0.6930782379807692 0.45560907932692307 0.6450635625000001 0.32309584375 0.6176613221153846 0.17947814903846154 0.6554319783653846 0.3064554326923077 0.6930782379807692
1 0.32601694471153847 0.6184019230769231 0.4535140288461538 0.6443229615384615 0.5606912211538462 0.6117365120192308 0.4370615552884616 0.5872966754807692 0.32601694471153847 0.6184019230769231
0 0.22163501201923078 0.5932214855769231 0.32687124038461535 0.6176613221153846 0.4348406634615385 0.5880372788461539 0.33416021634615384 0.5687816490384615 0.22163501201923078 0.5932214855769231
0 0.13279932451923077 0.5732252548076923 0.22096528365384616 0.5932214855769231 0.33045873076923077 0.5687816490384615 0.24532452884615383 0.5532290264423076 0.13279932451923077 0.5732252548076923
0 0.05950988221153846 0.5555592980769231 0.059843836538461544 0.5578568918269231 0.12809677403846154 0.5733441370192307 0.24467738461538463 0.5540640961538462 0.16790478605769232 0.5388929182692308 0.05950988221153846 0.5555592980769231