0 1 0.768521625 0.8342809471153847 0.743518516826923 0.7981050096153847 0.8641640288461538 1 0.9014438389423076 1 0.768521625
0 1 0.6847142908653846 0.8534202379807693 0.6674719326923076 0.8349094086538462 0.7447398149038461 1 0.7699527163461538 1 0.6847142908653846
0 1 0.6375252596153846 0.9996312500000001 0.6263070408653846 0.8671967644230769 0.6133808894230769 0.8530414278846153 0.6676782307692307 1 0.684106576923077 1 0.6375252596153846
1 0.7402376370192307 0.5406440504807692 0.7129672331730769 0.5718750865384615 0.8731188341346154 0.5850945745192307 0.8822089567307692 0.5502281754807693 0.7402376370192307 0.5406440504807692
1 0.76244890625 0.5151186346153847 0.7403739447115385 0.5411226778846154 0.8825312187500001 0.5502317307692308 0.8901958341346153 0.5237721033653846 0.76244890625 0.5151186346153847
1 0.6473981057692307 0.5068423870192308 0.6136418076923077 0.5294031370192308 0.7419159567307693 0.5405364254807693 0.7634637091346155 0.5149443269230769 0.6473981057692307 0.5068423870192308
1 0.5417961250000001 0.49975309134615387 0.5000021754807692 0.5194170745192308 0.6132362908653847 0.52939365625 0.6483779278846153 0.5062595576923077 0.5417961250000001 0.49975309134615387
1 0.4449575865384615 0.49254918990384616 0.39590663701923073 0.51261959375 0.501476125 0.5194152307692308 0.5411008413461539 0.49975124759615386 0.4449575865384615 0.49254918990384616
1 0.35533085096153844 0.48582175961538465 0.29903882451923075 0.5053857067307692 0.3959313701923077 0.5123259375 0.4456791899038462 0.49266195432692306 0.35533085096153844 0.48582175961538465
1 0.27091244951923077 0.48083043990384616 0.20507325721153846 0.4984438966346154 0.2986396298076923 0.5056733052884615 0.3537382235576923 0.4858647307692308 0.27091244951923077 0.48083043990384616
1 0.21275272596153846 0.47735821634615383 0.14835644471153847 0.4932379350961539 0.20591350240384615 0.4988768701923077 0.2693998125 0.4813817091346154 0.21275272596153846 0.47735821634615383