0 0.5794614110576923 1 0.24479870673076926 0.8277777788461538 0 0.9633716490384615 0 0.9853754975961538 0.0004545024038461538 0.9958333341346154 0.4367338533653846 1 0.5794614110576923 1
0 0.5897346730769231 1 0.7612535 0.8013888894230768 0.47664803365384617 0.7 0.2503519831730769 0.8236111105769232 0.24896366346153845 0.8208333341346153 0.24896366346153845 0.8333333341346154 0.5740990961538461 1 0.5897346730769231 1
1 0.6189728485576923 0.62115046875 0.47584022596153847 0.6976497211538462 0.7668264903846154 0.8017952716346154 0.8696750817307692 0.691375891826923 0.6189728485576923 0.62115046875
0 1 0.7248861538461538 0.8659123293269231 0.6888663605769231 0.7696222956730769 0.8005405072115385 1 0.8795505504807692 1 0.7248861538461538
1 0.4281786826923077 0.5734279182692308 0.4270712644230769 0.5709183870192308 0.2651260360576923 0.633656670673077 0.4733317235576923 0.6989044855769231 0.6200791057692308 0.6223637788461538 0.4281786826923077 0.5734279182692308
1 0.90410365625 0.6484119110576922 0.9563977908653847 0.5919866850961538 0.7546886346153846 0.5489504975961539 0.6696075216346155 0.5919866850961538 0.90410365625 0.6484119110576922
1 0.4898856177884615 0.5518195745192307 0.6678827980769231 0.5919866850961538 0.7527766995192308 0.5489504975961539 0.5873943100961538 0.51547790625 0.4898856177884615 0.5518195745192307
0 0.3455345144230769 0.520259704326923 0.48808716346153846 0.5518195745192307 0.5852182307692307 0.5167543173076923 0.4423607956730769 0.48892329807692303 0.3455345144230769 0.520259704326923
0 0.22030276442307692 0.49061255288461536 0.34654592067307693 0.5183469855769232 0.4430432067307692 0.4886998317307692 0.32450322836538464 0.4647908389423077 0.22030276442307692 0.49061255288461536
0 0.21893639903846152 0.44830505528846154 0.11620160817307693 0.46690064423076927 0.22034542548076924 0.49048215625 0.32182060096153847 0.4654494735576923 0.22382362740384615 0.4479289615384615 0.21893639903846152 0.44830505528846154
0 0.14108291346153845 0.4313807884615385 0.038075185096153846 0.44830505528846154 0.11559627644230769 0.4667337019230769 0.11627083413461539 0.4663576081730769 0.2219101466346154 0.44717677163461544 0.14108291346153845 0.4313807884615385