0 1 0.7950839302884615 0.9995991923076922 0.712884673076923 0.9162961442307692 0.6867790360576923 0.7752831538461538 0.7319618677884615 1 0.8157634495192307 1 0.7950839302884615
0 0.7757405120192308 0.7319618677884615 0.9143797067307692 0.6877831009615385 0.77172590625 0.6461144879807693 0.6332220432692307 0.6782445024038462 0.7757405120192308 0.7319618677884615
1 0.6316523365384616 0.6782445024038462 0.7692926129807692 0.6466165192307692 0.6296450336538462 0.6044458774038461 0.4936503004807692 0.6280413557692307 0.6316523365384616 0.6782445024038462
1 0.7722174399038462 0.6466165192307692 0.8846263701923077 0.6180007259615384 0.7441152067307691 0.5838625865384615 0.6296989711538461 0.6049479086538462 0.7722174399038462 0.6466165192307692
1 0.49713960817307695 0.6275393245192308 0.6297278677884616 0.6044458774038461 0.5202235865384616 0.5728178966346154 0.3917562355769231 0.5923971225961538 0.49713960817307695 0.6275393245192308
1 0.6291479423076923 0.6039438461538462 0.7426849471153846 0.5838625865384615 0.6271406418269231 0.556250858173077 0.5207536153846154 0.5728178966346154 0.6291479423076923 0.6039438461538462
1 0.5226993629807692 0.5733199278846154 0.6252095841346154 0.5572549206730769 0.5377541298076923 0.5361695985576923 0.4358835360576923 0.5482183533653846 0.5226993629807692 0.5733199278846154
1 0.3937301875 0.5918950913461538 0.5207870408653846 0.5723158629807692 0.4343780600961538 0.5472142908653846 0.3084198365384615 0.5642833605769231 0.3937301875 0.5918950913461538
0 0.24906065384615386 0.5431349735576924 0.3088058173076923 0.5650203942307692 0.43136096394230766 0.54807684375 0.36243839663461536 0.5287800192307692 0.24906065384615386 0.5431349735576924
0 0.2504439206730769 0.5424289927884616 0.36201766826923076 0.5285446923076923 0.30713449759615385 0.5137190841346154 0.19751703365384615 0.5236028221153846 0.2504439206730769 0.5424289927884616
0 0.19702167548076924 0.5233674951923077 0.30600981490384616 0.5137190841346154 0.25183040865384615 0.49842282211538463 0.15538585817307693 0.5090125432692308 0.19702167548076924 0.5233674951923077
0 0.6302165697115385 0.5566998389423077 0.7421372307692308 0.5842332740384616 0.8391200240384615 0.5645665336538461 0.7303420240384615 0.5417531177884615 0.6302165697115385 0.5566998389423077
0 0.838732391826923 0.5639107668269231 0.9206326490384615 0.5487992668269231 0.8097805625000001 0.5291543173076924 0.7297224615384615 0.5409916586538461 0.838732391826923 0.5639107668269231