0 0.5002812980769231 0.7211934134615384 0.47141468509615386 0.8416266874999999 0.7804424519230769 0.8575634807692307 0.7434208245192307 0.7346957187500001 0.5002812980769231 0.7211934134615384
0 0.7354678245192308 1 0.8329698822115384 0.9987699254807693 0.7812237427884615 0.8587034639423077 0.47242968990384615 0.8414580360576923 0.4338136634615385 1 0.7354678245192308 1
0 0.5161804471153846 0.6461439951923077 0.5166442956730769 0.6437289543269231 0.5006145240384615 0.7214350024038462 0.7425171875000001 0.7369979158653847 0.7088611754807693 0.6541357884615385 0.5161804471153846 0.6461439951923077
0 0.516811875 0.6465072572115385 0.712409483173077 0.6554524471153846 0.6938986682692309 0.5990052427884616 0.5276098701923077 0.5922192451923076 0.516811875 0.6465072572115385
1 0.5329358942307693 0.5673360528846154 0.6847601850961538 0.57427628125 0.6742588461538461 0.5402869471153846 0.541123375 0.5353042211538461 0.5329358942307693 0.5673360528846154
1 0.4158473894230769 0.5292531105769231 0.38914910096153843 0.5616408533653846 0.5333192115384615 0.5670686346153846 0.5409733774038462 0.5345917475961538 0.4158473894230769 0.5292531105769231
1 0.547373014423077 0.5092592572115385 0.5408505024038461 0.535292875 0.6739859759615385 0.5409874182692308 0.6645525697115384 0.5139383197115385 0.547373014423077 0.5092592572115385
1 0.6846593389423077 0.5746972932692308 0.8362875745192307 0.5810340144230769 0.8106572187500001 0.5459769591346154 0.6727160697115384 0.5404603605769231 0.6846593389423077 0.5746972932692308
1 0.7860939038461539 0.5188332019230769 0.6654285697115385 0.5135327620192307 0.6727151802884616 0.5403657163461538 0.8099443870192308 0.54623821875 0.7860939038461539 0.5188332019230769
1 0.8099264326923077 0.546118233173077 0.8999552932692307 0.5511337475961539 0.8680953221153846 0.5210594206730769 0.7862205817307693 0.5191019158653846 0.8099264326923077 0.546118233173077
1 0.4345751298076923 0.505941358173077 0.4149656177884615 0.5296564567307692 0.5409933966346154 0.5350544086538462 0.5474721802884616 0.5096068990384615 0.4345751298076923 0.505941358173077
1 0.3236955 0.5013117283653846 0.28942753846153846 0.5254948461538461 0.4160723653846154 0.529658985576923 0.4344289302884615 0.5052910625 0.3236955 0.5013117283653846
1 0.21212142548076923 0.49714506009615383 0.16874769471153844 0.5211739471153846 0.2910733269230769 0.5254923173076923 0.3240842692307692 0.5011243966346154 0.21212142548076923 0.49714506009615383
1 0.10355661298076924 0.4927469134615385 0.04892116826923077 0.5179329254807692 0.17001275 0.5213259326923076 0.21305039182692306 0.4964953293269231 0.10355661298076924 0.4927469134615385