0 0.12361055528846153 0.6511227788461539 0.15871502403846155 0.7083828389423077 0.30352287740384615 0.6819724495192308 0.24856962259615384 0.6301124615384615 0.12361055528846153 0.6511227788461539
0 0 0.7416789374999999 0.00021097355769230769 0.7405478389423077 0.16019692788461537 0.7085970336538462 0.12417962740384615 0.6516944591346154 0 0.6725708269230769 0 0.7416789374999999
1 0.2485883918269231 0.630090110576923 0.30283536778846154 0.6804710360576922 0.4889718894230769 0.6401148870192308 0.4151857139423077 0.5997587283653846 0.2485883918269231 0.630090110576923
1 0.41420261778846157 0.5998565841346154 0.4874745889423077 0.6404697860576923 0.6425026538461539 0.6114236322115384 0.5512340504807692 0.5751802091346154 0.41420261778846157 0.5998565841346154
1 0.4893904375 0.6410349086538462 0.5931918485576924 0.7007766947115385 0.7662165216346154 0.6604205456730768 0.6410114495192307 0.6105537043269231 0.4893904375 0.6410349086538462
1 0.30376719230769234 0.6804269543269231 0.3811487740384615 0.7529822451923077 0.5935089495192307 0.6997738028846154 0.4896427019230769 0.6403962788461539 0.30376719230769234 0.6804269543269231
1 0.3556099735576923 0.5696649014423077 0.413444798076923 0.6006729639423077 0.5511740913461538 0.5753356201923077 0.48175852163461536 0.5488966466346153 0.3556099735576923 0.5696649014423077
1 0.20613907451923077 0.5924823629807693 0.24745216346153848 0.6294428052884615 0.41250693269230765 0.5996989615384616 0.3578559447115385 0.5699551177884615 0.20613907451923077 0.5924823629807693
1 0.3128790456730769 0.5454629615384615 0.35618251923076927 0.5702142259615385 0.47983476442307693 0.5487457788461538 0.42670871875 0.5280176274038462 0.3128790456730769 0.5454629615384615
1 0.273601875 0.5251279254807693 0.3128447932692308 0.5453008653846154 0.42594587500000003 0.5284592355769231 0.3837412211538461 0.5119877620192308 0.273601875 0.5251279254807693
1 0.24369245673076925 0.5089284975961539 0.2734948798076923 0.5252149014423076 0.38474485817307696 0.5118896586538462 0.34698279807692306 0.4967136923076923 0.24369245673076925 0.5089284975961539
1 0.2152676153846154 0.4938368004807692 0.21600805528846154 0.4940218725961539 0.24488492307692308 0.5099381346153846 0.34576887019230773 0.49716811298076924 0.30448973076923075 0.4810667788461539 0.2152676153846154 0.4938368004807692
1 0.18510126682692307 0.47546296153846157 0.2128612043269231 0.4940218725961539 0.30523017067307695 0.4808817091346154 0.2674681105769231 0.46811168509615386 0.18510126682692307 0.47546296153846157