0 0.25584604807692307 0.813797516826923 0.19171622596153848 0.9523807620192308 0.7656269615384615 0.9609734495192307 0.6826683774038462 0.8195249302884615 0.25584604807692307 0.813797516826923
0 0.3021347403846154 0.7374481899038462 0.2992055360576923 0.7413631971153846 0.2564387451923077 0.8151921225961538 0.6824518245192308 0.8221323509615384 0.6336626442307692 0.7434763942307693 0.3021347403846154 0.7374481899038462
0 0.32013060576923075 0.6854423870192308 0.29837309855769234 0.7391144158653845 0.6294522067307693 0.7432271418269232 0.5982482788461538 0.6907898485576923 0.32013060576923075 0.6854423870192308
0 0.5562976586538462 0.6259541129807692 0.3512547764423077 0.6223950240384616 0.33770732451923074 0.6492661682692307 0.3204983485576923 0.6871705024038461 0.5984046514423077 0.6912634615384616 0.5713097139423077 0.6524693533653847 0.5562976586538462 0.6259541129807692
0 0.37022078605769226 0.5853789831730769 0.35149475240384614 0.6232388990384615 0.5560607860576924 0.6259289134615386 0.5317076754807692 0.588053545673077 0.37022078605769226 0.5853789831730769
1 0.5162707716346154 0.56691125 0.5317945000000001 0.5888047548076923 0.6909376081730769 0.5924712932692308 0.6490861947115385 0.5682896081730769 0.5162707716346154 0.56691125
1 0.516608 0.5667140961538462 0.6495266298076923 0.568198170673077 0.6297684447115385 0.5566747716346154 0.5067289086538461 0.5544923100961539 0.516608 0.5667140961538462
1 0.44561175721153845 0.5531828317307692 0.44668947596153846 0.5661030072115385 0.5171004134615385 0.5669759951923077 0.5072213221153846 0.5544923100961539 0.44561175721153845 0.5531828317307692
1 0.4470487259615385 0.5663649038461538 0.44812644471153845 0.5870546466346154 0.5316496322115385 0.5881895288461538 0.5163819471153845 0.5668013966346154 0.4470487259615385 0.5663649038461538
1 0.44764589182692305 0.5665402980769231 0.4475376177884615 0.5665181682692307 0.3797496105769231 0.5658419086538461 0.37005014182692303 0.5849602764423077 0.44854397115384614 0.5864443557692307 0.44764589182692305 0.5665402980769231
1 0.3784922668269231 0.5654927163461538 0.4481847524038462 0.56662759375 0.44620892548076924 0.5531836274038462 0.3854974375 0.5523106442307693 0.3784922668269231 0.5654927163461538
1 0.29591673317307693 0.5846983822115385 0.3691009591346154 0.5855171201923077 0.3805176538461538 0.5661911033653846 0.3129806033653846 0.5647943245192308 0.29591673317307693 0.5846983822115385
1 0.31141924519230774 0.56481465625 0.23700144951923077 0.5644451322115385 0.20574761057692306 0.5833889038461538 0.29591673317307693 0.5849602764423077 0.31141924519230774 0.56481465625
1 0.2612501153846154 0.550477375 0.23825879326923077 0.5640086394230769 0.3131602307692308 0.5646197307692308 0.32752980528846154 0.5510011658653846 0.2612501153846154 0.550477375
1 0.37836221634615386 0.5662784014423077 0.3853673870192308 0.5522233437499999 0.3259742764423077 0.5511879807692307 0.32573361778846155 0.5515249567307692 0.3128009951923077 0.5647943245192308 0.37836221634615386 0.5662784014423077