0 0.12740384615384615 0.12139423076923077 0.07692307692307693 0.1658653846153846
0 0.3737980769230769 0.1201923076923077 0.0733173076923077 0.14783653846153846
0 0.6274038461538461 0.12139423076923077 0.12259615384615384 0.15985576923076922
0 0.875 0.12740384615384615 0.16706730769230768 0.1778846153846154
0 0.17548076923076922 0.421875 0.07692307692307693 0.15264423076923078
0 0.38341346153846156 0.41586538461538464 0.08413461538461539 0.15504807692307693
0 0.5901442307692307 0.41947115384615385 0.15985576923076922 0.15504807692307693
0 0.8064903846153846 0.421875 0.15504807692307693 0.15264423076923078
0 0.13942307692307693 0.6742788461538461 0.05889423076923077 0.12980769230769232
0 0.3161057692307692 0.6706730769230769 0.0625 0.12860576923076922
0 0.49399038461538464 0.6730769230769231 0.12980769230769232 0.13341346153846154
0 0.6658653846153846 0.671875 0.140625 0.12620192307692307
0 0.8401442307692307 0.6742788461538461 0.11778846153846154 0.12620192307692307